index,0,1,2
26457,0.03497296499850437,0.08392711389021353,0.8810999211112822
26458,0.3715757543903631,0.29813006878616977,0.33029417682346707
26459,0.022535547583149053,0.05436195624044251,0.9231024961764083
26460,0.09694339526336782,0.09691581440389467,0.8061407903327374
26461,0.03308054328090196,0.08157242076271712,0.8853470359563809
26462,0.02521854561993929,0.05093144798084995,0.9238500063992107
26463,0.7331236482784511,0.26286636504647354,0.004009986675075448
26464,0.06922287330925984,0.11774274594698239,0.8130343807437579
26465,0.037243277394057916,0.07787219665848458,0.8848845259474575
26466,0.027590872449469103,0.40150737341531717,0.5709017541352137
26467,0.07294735773343387,0.19404696410416591,0.7330056781624001
26468,0.03234150239435652,0.07741759898066547,0.8902408986249779
26469,0.7502175823292143,0.05161892645679932,0.19816349121398624
26470,0.08083749459710711,0.24771804642914066,0.6714444589737523
26471,0.06696897259035539,0.13291374888574983,0.8001172785238947
26472,0.07445788350817187,0.21438916052256263,0.7111529559692655
26473,0.05439123404984565,0.10210931715811344,0.8434994487920409
26474,0.19792759110381022,0.7990834037464346,0.002989005149755178
26475,0.2858322023552173,0.28578248389275623,0.42838531375202643
26476,0.015412613737152516,0.05732402529395113,0.9272633609688964
26477,0.22846774130602074,0.16647287127471694,0.6050593874192622
26478,0.03801790757760472,0.08663483507721949,0.8753472573451758
26479,0.017031565408793234,0.06853373637065074,0.914434698220556
26480,0.07632145578078434,0.054569670432361536,0.869108873786854
26481,0.039191837225434435,0.4673873849282118,0.49342077784635385
26482,0.19922977185086627,0.0415073753522027,0.759262852796931
26483,0.023346050640646286,0.14935026318369965,0.8273036861756541
26484,0.1354083789886476,0.11034662510908348,0.754244995902269
26485,0.023110108389963763,0.02900700691526539,0.9478828846947709
26486,0.1437966092094342,0.2078193919587546,0.6483839988318113
26487,0.12290549557278356,0.14933723896779905,0.7277572654594173
26488,0.48381467572697706,0.49462032114467513,0.0215650031283478
26489,0.04101665500007851,0.37409855363058686,0.5848847913693346
26490,0.05826570631927994,0.22883227552580454,0.7129020181549156
26491,0.04564798073210695,0.0901243752611456,0.8642276440067473
26492,0.03918646249588893,0.29817346282307383,0.6626400746810371
26493,0.522058470015432,0.47671290759400786,0.0012286223905601413
26494,0.060866748349252806,0.3404198196398671,0.5987134320108799
26495,0.04692427738151601,0.09282532846324541,0.8602503941552386
26496,0.11683517801254606,0.1263361734533547,0.7568286485340991
26497,0.023133055384547026,0.8827666656158963,0.09410027899955652
26498,0.18049646203378997,0.504173736087492,0.31532980187871795
26499,0.05900510281760572,0.1857371806316915,0.7552577165507026
26500,0.05130435299303188,0.5568195152847455,0.3918761317222226
26501,0.06309827867595187,0.4227826951074309,0.5141190262166172
26502,0.021340153998840972,0.024336871970078028,0.954322974031081
26503,0.06915808300445224,0.5263121194938507,0.4045297975016972
26504,0.08872945862156739,0.25491081064768006,0.6563597307307525
26505,0.021017734231580747,0.056221782434429865,0.9227604833339894
26506,0.0470480734343899,0.9371120469031327,0.015839879662477418
26507,0.07900558659411507,0.9176146199138503,0.0033797934920348867
26508,0.08433026953628578,0.27578007837276824,0.6398896520909461
26509,0.07584118476420185,0.1268971246663348,0.7972616905694633
26510,0.02755045089439125,0.2142257519036884,0.7582237972019203
26511,0.07629244919574293,0.10102010261744665,0.8226874481868105
26512,0.03889023159306541,0.09967043113149247,0.8614393372754421
26513,0.11535981471688533,0.15826230110459352,0.7263778841785212
26514,0.043787739016540726,0.06724170487501811,0.8889705561084412
26515,0.40509884876976776,0.05742321999409488,0.5374779312361374
26516,0.03680583802880355,0.38751039928058,0.5756837626906166
26517,0.17240969348259227,0.82231902518414,0.005271281333267637
26518,0.04174722244478388,0.1230862093475215,0.8351665682076946
26519,0.6313367667760161,0.07722579141342252,0.29143744181056136
26520,0.0077851885942830865,0.9328966279672343,0.05931818343848251
26521,0.06165569161045191,0.21299541488577856,0.7253488935037695
26522,0.21622366174353133,0.13704147174434128,0.6467348665121275
26523,0.0869891304580319,0.14511949929340964,0.7678913702485585
26524,0.03175089043494385,0.19331964636578355,0.7749294631992726
26525,0.1865306350036554,0.1968491293561412,0.6166202356402033
26526,0.04986826010518307,0.052044091056073875,0.898087648838743
26527,0.12448932480633439,0.2867288702692861,0.5887818049243795
26528,0.07978638332664953,0.9150252125793791,0.0051884040939714085
26529,0.5100111461001966,0.07134643496660151,0.418642418933202
26530,0.028946308564773558,0.12900387314017683,0.8420498182950498
26531,0.028013492317936713,0.16222696538947776,0.8097595422925854
26532,0.24333991928817364,0.12437255022633391,0.6322875304854925
26533,0.047956654538744446,0.08344947529348576,0.8685938701677699
26534,0.021336548485721304,0.034699926026993656,0.9439635254872851
26535,0.043188480158670065,0.0658059178078751,0.8910056020334548
26536,0.11778961748980459,0.22586358118162791,0.6563468013285674
26537,0.024752890178129806,0.04501819769940622,0.930228912122464
26538,0.017341179944313265,0.4050714018617133,0.5775874181939735
26539,0.053633761495436486,0.14096888132934643,0.805397357175217
26540,0.21302835104135298,0.375172878188851,0.411798770769796
26541,0.0482661990281868,0.172875305790259,0.7788584951815541
26542,0.046880223371593435,0.1333243366702394,0.8197954399581673
26543,0.0474000150538348,0.03174210073285561,0.9208578842133096
26544,0.1953487900724852,0.1282950964611964,0.6763561134663183
26545,0.1498021599012063,0.387523994897548,0.46267384520124577
26546,0.03771488200297482,0.13260200119661253,0.8296831168004125
26547,0.028696852462296675,0.04788918077491333,0.9234139667627901
26548,0.03539319049201196,0.06961229332710059,0.8949945161808874
26549,0.06625946123435839,0.929599973338824,0.004140565426817532
26550,0.03658882347285345,0.1999970102801418,0.7634141662470048
26551,0.015895076639569797,0.22543737512425144,0.758667548236179
26552,0.03478548837560022,0.22906219248554563,0.7361523191388541
26553,0.023409669179505748,0.04949010096310631,0.9271002298573878
26554,0.0363008974869548,0.3314358525178403,0.632263249995205
26555,0.18504508994171456,0.09871497451623706,0.7162399355420482
26556,0.019581225699549506,0.2727213951935092,0.7076973791069414
26557,0.06518205739585682,0.09314833831939263,0.8416696042847505
26558,0.6697099084748586,0.07096863409877388,0.2593214574263676
26559,0.2974971700909252,0.05971573395782357,0.6427870959512513
26560,0.10229815365612765,0.1230698708707066,0.7746319754731658
26561,0.02923244907427572,0.19642498907702807,0.7743425618486963
26562,0.03062007435568725,0.048171403305194246,0.9212085223391184
26563,0.024658330403123836,0.028725634138962522,0.9466160354579136
26564,0.07234955349746687,0.14005957871235444,0.7875908677901788
26565,0.09530482253282029,0.40233513614978683,0.502360041317393
26566,0.0930065777385963,0.17384698441085195,0.7331464378505518
26567,0.042787550094540126,0.11034498184549477,0.846867468059965
26568,0.5744879039558857,0.41994553239498733,0.0055665636491270005
26569,0.02113697307215665,0.06306707426755802,0.9157959526602855
26570,0.09563788166287697,0.4040411819627357,0.5003209363743873
26571,0.04193370184178289,0.07784137791968736,0.8802249202385298
26572,0.06369957365539078,0.28958222368800857,0.6467182026566005
26573,0.0761122460759573,0.13640445472728893,0.7874832991967539
26574,0.34529469005340196,0.07368907620867407,0.5810162337379241
26575,0.07662699100294172,0.07961580516360518,0.8437572038334531
26576,0.07810210963556742,0.02250848094889953,0.899389409415533
26577,0.03603968816154475,0.08957470587768382,0.8743856059607713
26578,0.1344805710350816,0.4231506438267091,0.44236878513820926
26579,0.17243681720570347,0.8242844837142771,0.003278699080019438
26580,0.03821170928336695,0.062414845591214976,0.8993734451254181
26581,0.1421755655703537,0.27263730041142303,0.5851871340182233
26582,0.018071519698086364,0.040753209538445245,0.9411752707634683
26583,0.023965610524523527,0.06330308015044347,0.9127313093250331
26584,0.036121560145892045,0.2108834642060447,0.7529949756480632
26585,0.1512692523599977,0.44653022603257597,0.4022005216074263
26586,0.3425987738705442,0.26004011494401336,0.39736111118544243
26587,0.16217891999253997,0.5507963053799785,0.28702477462748166
26588,0.015032438009359788,0.08257298782478775,0.9023945741658526
26589,0.1264967201236529,0.08653790180869171,0.7869653780676555
26590,0.09221983226117883,0.3852131630794112,0.52256700465941
26591,0.05005535180853629,0.9458025233431736,0.004142124848290098
26592,0.49984298718727005,0.061571851492521076,0.4385851613202088
26593,0.08346145043163988,0.2150269684150307,0.7015115811533295
26594,0.08598823281017798,0.07783222008405408,0.8361795471057679
26595,0.021814134724761403,0.07176113374069218,0.9064247315345464
26596,0.017410087934070367,0.05379124000268825,0.9287986720632414
26597,0.1772285215847087,0.4836119797250511,0.3391594986902402
26598,0.09756984162029422,0.20634827815582854,0.6960818802238773
26599,0.050727585150991884,0.0959217072256274,0.8533507076233807
26600,0.018385467468689874,0.033537408124428854,0.9480771244068813
26601,0.06257992253332904,0.1739313513489675,0.7634887261177036
26602,0.04516697735310534,0.13892741096923025,0.8159056116776644
26603,0.023181162364373134,0.13495166758640476,0.8418671700492222
26604,0.06745030996017086,0.2174594452751441,0.715090244764685
26605,0.13592136697123308,0.16087229379668805,0.7032063392320789
26606,0.20434861737721688,0.2870183918854018,0.5086329907373812
26607,0.092802148222559,0.8980370274248565,0.009160824352584484
26608,0.007648674553651423,0.03483436403223685,0.9575169614141117
26609,0.03625848612647259,0.06988618743370846,0.893855326439819
26610,0.3922590917319959,0.5636543498624688,0.04408655840553528
26611,0.14261726452205242,0.23302425527309073,0.6243584802048568
26612,0.1227940199951959,0.32029328848304933,0.5569126915217547
26613,0.09135528031473826,0.2130570448559956,0.6955876748292661
26614,0.07270997563771252,0.09880206586558976,0.8284879584966978
26615,0.06250183346188647,0.06950393944398367,0.8679942270941298
26616,0.049253051559462344,0.05594112747775629,0.8948058209627814
26617,0.08421410851223962,0.12388873364913931,0.7918971578386211
26618,0.08466094811296769,0.13235503206864524,0.7829840198183871
26619,0.10121265850177788,0.10670340052311048,0.7920839409751116
26620,0.17407233023704155,0.8123455884325951,0.013582081330363325
26621,0.03738091220403921,0.05584615040955385,0.9067729373864069
26622,0.051600900067381515,0.6926607043755488,0.2557383955570697
26623,0.01462245228917028,0.6228170887049418,0.36256045900588796
26624,0.023884047989969487,0.07255696213160415,0.9035589898784264
26625,0.5771047785457527,0.11876837727202119,0.30412684418222613
26626,0.21715272023269547,0.10496739161154695,0.6778798881557575
26627,0.027584524098336803,0.0569691198849699,0.9154463560166933
26628,0.02526747915050304,0.1039070198627755,0.8708255009867214
26629,0.04074319689819152,0.05684826652414375,0.9024085365776648
26630,0.07336281531110843,0.17026639019804043,0.7563707944908512
26631,0.010395105924842583,0.012740574985851925,0.9768643190893054
26632,0.6131297796055217,0.044865254371666906,0.34200496602281133
26633,0.029130076813817133,0.054813637027067215,0.9160562861591156
26634,0.02207162745705609,0.03864431263878377,0.9392840599041603
26635,0.05276240497813341,0.34039494608742155,0.6068426489344451
26636,0.042598316165746254,0.2585498841316001,0.6988517997026535
26637,0.01751916543721065,0.059599317706065025,0.9228815168567244
26638,0.020880965294258685,0.9036285944586032,0.07549044024713811
26639,0.2259960249025908,0.6664650214917853,0.10753895360562378
26640,0.09538614065418624,0.0669689258903105,0.8376449334555034
26641,0.13636876662044176,0.7208671408140961,0.14276409256546221
26642,0.02776849042134759,0.0704903125891049,0.9017411969895475
26643,0.08974100037813389,0.1768341352135367,0.7334248644083294
26644,0.021440244893707508,0.05398494410412247,0.9245748110021701
26645,0.03155854726607948,0.10375943013616018,0.8646820225977602
26646,0.6784910482539829,0.11992878024854611,0.201580171497471
26647,0.046378220323342975,0.10078156433213153,0.8528402153445255
26648,0.07631707022586705,0.6110691967743226,0.3126137329998103
26649,0.07733366601321234,0.12384143612166534,0.7988248978651223
26650,0.6067927616749536,0.37741942399497774,0.015787814330068834
26651,0.24004174016511612,0.7245865324602357,0.035371727374648096
26652,0.3525270519413356,0.042261575218422685,0.6052113728402417
26653,0.32495477494372355,0.12985281288072545,0.545192412175551
26654,0.1183078470276302,0.4815010419852674,0.4001911109871024
26655,0.03295993923477714,0.3116178499891573,0.6554222107760654
26656,0.061343680477309655,0.13788420396682766,0.8007721155558628
26657,0.08246300210467353,0.33812281943526856,0.5794141784600578
26658,0.051096685022194506,0.23868783436450558,0.7102154806132999
26659,0.15584309219084427,0.20756179134427205,0.6365951164648838
26660,0.0644749099238669,0.4033652472820444,0.5321598427940887
26661,0.12336905518639815,0.10383528594844484,0.772795658865157
26662,0.018307977553332983,0.23594537407368735,0.7457466483729797
26663,0.07378802842643255,0.2190363010845608,0.7071756704890066
26664,0.08003780759836585,0.05926515621284455,0.8606970361887896
26665,0.2102637204177,0.23928907449733217,0.5504472050849679
26666,0.03294209452667789,0.5882952704625044,0.3787626350108177
26667,0.029383396437129415,0.06951099052266423,0.9011056130402063
26668,0.0730341510741093,0.6371702590388649,0.2897955898870257
26669,0.173381137240382,0.37844529017415157,0.44817357258546653
26670,0.26126717985928166,0.3595964859380515,0.37913633420266685
26671,0.09001267790481705,0.1465167997525129,0.76347052234267
26672,0.029993721077944832,0.0825492837770819,0.8874569951449733
26673,0.13093526984957787,0.16345281769917125,0.7056119124512509
26674,0.8170716757755414,0.019544705188592013,0.16338361903586665
26675,0.02921516329243884,0.06899853330793597,0.9017863033996252
26676,0.045737552962260675,0.07150667082862658,0.8827557762091129
26677,0.010864420978541652,0.019874935125585438,0.9692606438958729
26678,0.06976863317627673,0.3608428835255583,0.5693884832981649
26679,0.304594325225008,0.04006441308365313,0.6553412616913389
26680,0.005109645967761305,0.07071250192989807,0.9241778521023406
26681,0.012954851663208788,0.03434438895160237,0.9527007593851888
26682,0.04873685255978178,0.12105234920922442,0.8302107982309938
26683,0.022990035704920378,0.32642386296968434,0.6505861013253952
26684,0.035959667160270034,0.12554276561647398,0.8384975672232561
26685,0.27577017403662596,0.07771738326071692,0.6465124427026571
26686,0.027739633344302222,0.08156111886614255,0.8906992477895553
26687,0.21176369683802612,0.12982965387819165,0.6584066492837822
26688,0.2519064090226676,0.6036202296442875,0.14447336133304498
26689,0.07452399114221156,0.1528715423543038,0.7726044665034846
26690,0.02693918947935921,0.09971400485873448,0.8733468056619064
26691,0.04806539636168453,0.12299946168693772,0.8289351419513777
26692,0.024155363124671356,0.36056954752410003,0.6152750893512285
26693,0.4430880093334974,0.0850706387900715,0.4718413518764311
26694,0.668650582009269,0.32311417226642225,0.008235245724308725
26695,0.04840384706540822,0.04518111666928557,0.9064150362653063
26696,0.05755355611551563,0.10919113103993461,0.8332553128445498
26697,0.018468763357109633,0.027399670154112918,0.9541315664887774
26698,0.03131091846649955,0.040216144316641216,0.9284729372168593
26699,0.054404422267710986,0.4064412859422059,0.539154291790083
26700,0.020793313982541355,0.5708108965413027,0.4083957894761559
26701,0.12810825923881008,0.303965775683709,0.567925965077481
26702,0.0730571188718956,0.22616201808479708,0.7007808630433072
26703,0.044137038499358634,0.10063801687434766,0.8552249446262936
26704,0.03818401870652916,0.10508091727919205,0.8567350640142788
26705,0.07273505744826689,0.0693403677387062,0.857924574813027
26706,0.03183146954176938,0.08448980498333337,0.8836787254748973
26707,0.6112359220731062,0.05381429775189851,0.3349497801749954
26708,0.04096403708598664,0.18210087893378057,0.7769350839802327
26709,0.04186823447648288,0.043315366841646524,0.9148163986818707
26710,0.12871160300746742,0.211595504755118,0.6596928922374146
26711,0.26297844914118984,0.10641843486377822,0.6306031159950319
26712,0.048066875131427274,0.23053672429646913,0.7213964005721036
26713,0.07679722220597833,0.6230257637905475,0.30017701400347424
26714,0.03414038456417528,0.049453482931184976,0.9164061325046399
26715,0.07082161053466506,0.27400837227893554,0.6551700171863994
26716,0.10253193958287456,0.7853111850710524,0.11215687534607305
26717,0.0330434615664927,0.16910008289079773,0.7978564555427096
26718,0.04738287989789774,0.188581248714913,0.7640358713871892
26719,0.06991287813291305,0.45887958685814617,0.47120753500894086
26720,0.07500799900742423,0.13865900888820892,0.7863329921043668
26721,0.04693245729248895,0.27870316010191487,0.6743643826055961
26722,0.19464985123537906,0.08898695339885228,0.7163631953657686
26723,0.038080910683331685,0.07154283469035339,0.8903762546263148
26724,0.07501940112247908,0.6960228946114797,0.22895770426604126
26725,0.014427252820108533,0.2695446883619114,0.71602805881798
26726,0.11259748744143118,0.5236934622743821,0.3637090502841869
26727,0.035360941723804676,0.12514175828914345,0.839497299987052
26728,0.08676715006999688,0.1402068716207097,0.7730259783092934
26729,0.05774286798804421,0.16719580895205388,0.7750613230599019
26730,0.14979445994053397,0.5679748549264014,0.28223068513306465
26731,0.030471767489234136,0.07140207285429906,0.8981261596564668
26732,0.07068921583853839,0.9244196144902523,0.004891169671209399
26733,0.05907453297941801,0.03237008261093498,0.9085553844096469
26734,0.03872756060306996,0.10958783092238145,0.8516846084745486
26735,0.02821324936937387,0.10725886030692318,0.8645278903237029
26736,0.09935647062533048,0.19379253147978243,0.706850997894887
26737,0.07604573519951041,0.21193186802873723,0.7120223967717524
26738,0.02280409527869271,0.05509776722693337,0.922098137494374
26739,0.47275945674252107,0.08005685636730936,0.4471836868901695
26740,0.021036327332488447,0.05189698440966623,0.9270666882578452
26741,0.08924927677228248,0.8986185635674154,0.012132159660301987
26742,0.020925041848076593,0.20004677554394146,0.779028182607982
26743,0.14239860493625628,0.1459586484928502,0.7116427465708935
26744,0.11545365401834497,0.22266367901221173,0.6618826669694433
26745,0.0565802474193667,0.14525286347277955,0.7981668891078537
26746,0.4646260122108903,0.13866372332465582,0.39671026446445395
26747,0.0383926120666373,0.6357865442644897,0.3258208436688731
26748,0.2728805692659043,0.3187306615174695,0.40838876921662615
26749,0.04527925769358831,0.19591604440309257,0.7588046979033192
26750,0.03992228707558888,0.04814088485546201,0.911936828068949
26751,0.025213742702132523,0.11084217951385392,0.8639440777840135
26752,0.024814369940488912,0.6496917033477954,0.3254939267117159
26753,0.08992711073930992,0.1348288829649949,0.7752440062956952
26754,0.09421933066171596,0.04047940093453602,0.8653012684037481
26755,0.028783984918957943,0.14033394934371354,0.8308820657373287
26756,0.13111124651272216,0.07504753226155662,0.7938412212257212
26757,0.1109242922674418,0.09764416838936445,0.7914315393431939
26758,0.09122171983360909,0.3080984668897847,0.6006798132766061
26759,0.0361792348373836,0.2039090786138021,0.7599116865488144
26760,0.5316750766712637,0.20785488089564436,0.260470042433092
26761,0.026862674741903136,0.09192685545776817,0.8812104698003287
26762,0.033489213113263486,0.07617829656312336,0.8903324903236132
26763,0.014297535367431282,0.10002405427224577,0.8856784103603228
26764,0.04734235448497421,0.20393430015527783,0.7487233453597479
26765,0.043936141037517674,0.044966623675622146,0.9110972352868602
26766,0.023682586839117746,0.5435352741951028,0.4327821389657793
26767,0.07883420054671864,0.17374151365506973,0.7474242857982116
26768,0.015958880961735575,0.9817942158752803,0.0022469031629842795
26769,0.18740270700363176,0.2614305267506595,0.5511667662457087
26770,0.10467690861781148,0.196325061980676,0.6989980294015125
26771,0.15955920027050344,0.8240114309931221,0.01642936873637432
26772,0.6354310023165043,0.048837098625821945,0.3157318990576736
26773,0.028321649135055468,0.05964151267896957,0.9120368381859751
26774,0.04668211821979721,0.16074155542072152,0.7925763263594813
26775,0.04216709143422564,0.2932367398088648,0.6645961687569096
26776,0.024983645249381868,0.055035756302881274,0.9199805984477368
26777,0.033013197065374984,0.017468683885620864,0.9495181190490042
26778,0.03519408274553622,0.0812397368908297,0.8835661803636341
26779,0.04907011019226478,0.09279577832130041,0.8581341114864347
26780,0.05028733472605947,0.10664904097766305,0.8430636242962776
26781,0.023178727796129193,0.12061308035920745,0.8562081918446633
26782,0.0412823703726045,0.04772136049609749,0.910996269131298
26783,0.23614288471280478,0.18274098211232062,0.5811161331748746
26784,0.03715052819881286,0.6851028286253047,0.2777466431758823
26785,0.05301094815848595,0.18522719029246465,0.7617618615490493
26786,0.48079504086925295,0.0388914718090422,0.48031348732170487
26787,0.02322601883819958,0.044882210957354784,0.9318917702044457
26788,0.20652953174690786,0.15133193971781758,0.6421385285352746
26789,0.14732258803539822,0.2685058840392203,0.5841715279253815
26790,0.027000391207757338,0.20285013990979747,0.7701494688824452
26791,0.04690467492818209,0.0715174430919585,0.8815778819798594
26792,0.0371482088870061,0.09076307935843386,0.8720887117545599
26793,0.02568934856078866,0.14509802194208396,0.8292126294971275
26794,0.058378291338849087,0.11356467752769023,0.8280570311334607
26795,0.04926138800364881,0.4097327082589777,0.5410059037373736
26796,0.02851258793356022,0.9708172866298251,0.0006701254366146243
26797,0.03293672674050829,0.44817824281101215,0.5188850304484796
26798,0.7135948942408948,0.07624234309070789,0.21016276266839717
26799,0.15322816558977223,0.18885137407623448,0.6579204603339933
26800,0.014996595259678707,0.9803390270480434,0.004664377692277826
26801,0.06737375249973254,0.6655693302198441,0.26705691728042336
26802,0.09950635195799185,0.10754079328520519,0.7929528547568029
26803,0.023447063798034542,0.1321268424503616,0.8444260937516039
26804,0.02078522527305217,0.18293091715497442,0.7962838575719733
26805,0.006289876543553054,0.027909912634464018,0.9658002108219831
26806,0.09348866017717042,0.20233799257568016,0.7041733472471494
26807,0.017492556432500358,0.05807577934031924,0.9244316642271805
26808,0.031020566577115084,0.28492598450304735,0.6840534489198374
26809,0.05378969480998933,0.21956625755885342,0.7266440476311572
26810,0.015992158684915526,0.27679572254273455,0.7072121187723498
26811,0.008025484271060108,0.03691961654408134,0.9550548991848586
26812,0.032677346174375815,0.06863912244875274,0.8986835313768713
26813,0.051120194947432786,0.40646941372994216,0.542410391322625
26814,0.05992271923114341,0.08110517648584122,0.8589721042830154
26815,0.09757663249861488,0.2671893018514348,0.6352340656499503
26816,0.04247098745501915,0.3934380500365967,0.5640909625083841
26817,0.04764552098556797,0.03302773925474391,0.9193267397596883
26818,0.24623021232893036,0.14267131396861352,0.6110984737024561
26819,0.06899182132148869,0.31061488747745586,0.6203932912010555
26820,0.0859985089587829,0.9081292285148064,0.0058722625264107
26821,0.01843381521799494,0.9801260406222736,0.0014401441597316402
26822,0.04659394417558377,0.27378164840541735,0.6796244074189989
26823,0.02060257690155752,0.03213200104043272,0.9472654220580098
26824,0.06354060759468763,0.0797461939256899,0.8567131984796225
26825,0.014706547959289702,0.0401755826562397,0.9451178693844705
26826,0.05893178167289936,0.05133444846571251,0.8897337698613883
26827,0.05491188007649609,0.12350584316917651,0.8215822767543274
26828,0.03382541300144162,0.05794542346125546,0.9082291635373029
26829,0.018237076039837877,0.06807367255056457,0.9136892514095977
26830,0.05011970447597,0.1062330510387192,0.8436472444853109
26831,0.03790430115299408,0.09748683583946517,0.8646088630075408
26832,0.0052839828605294676,0.01248459168499604,0.9822314254544745
26833,0.030657521164440142,0.0929340220430217,0.8764084567925381
26834,0.022512690283928907,0.15932854009755845,0.8181587696185127
26835,0.7387603287163526,0.04062420575398185,0.22061546552966563
26836,0.16959130793380953,0.5188597439933715,0.3115489480728188
26837,0.06250482636456335,0.029051279352829303,0.9084438942826073
26838,0.12639431061104783,0.42890755871284153,0.4446981306761106
26839,0.7759918903049992,0.046526284961685725,0.17748182473331517
26840,0.10898837221456945,0.2903476116905813,0.6006640160948492
26841,0.016701668410862205,0.05631372400278042,0.9269846075863574
26842,0.013508759165924497,0.09032801369440867,0.8961632271396669
26843,0.03792708783341357,0.10268261315705525,0.8593902990095311
26844,0.041793299862991684,0.7657034150189602,0.19250328511804812
26845,0.560689586237119,0.03550620862713743,0.40380420513574367
26846,0.028385739386352832,0.08794079863076655,0.8836734619828805
26847,0.04019005199987584,0.223935080681489,0.7358748673186352
26848,0.12670490565423545,0.03557071332151271,0.8377243810242518
26849,0.24450328588853779,0.09481819907373502,0.6606785150377271
26850,0.14057856211836756,0.3160516791082402,0.5433697587733922
26851,0.08845880070469578,0.1324656335079637,0.7790755657873405
26852,0.11453597349471546,0.6496498832716977,0.23581414323358685
26853,0.06733636444823814,0.10420085564118363,0.8284627799105782
26854,0.013094410572304926,0.9864108180358274,0.0004947713918675736
26855,0.030029565122655796,0.2780140406042809,0.6919563942730633
26856,0.13068771130256873,0.06938785180833104,0.7999244368891001
26857,0.07655190018204222,0.3592207359764745,0.5642273638414833
26858,0.027083550398006404,0.8396807091348426,0.133235740467151
26859,0.04221005846985038,0.7188790097649731,0.2389109317651766
26860,0.01919553193704273,0.864583724561372,0.11622074350158511
26861,0.06183828898926162,0.23905955365091908,0.6991021573598193
26862,0.0575629307505905,0.19687868089699784,0.7455583883524117
26863,0.019969709909359836,0.08212159332526464,0.8979086967653753
26864,0.03471718754230202,0.3535844234740935,0.6116983889836044
26865,0.010833910674661818,0.05830884166989427,0.930857247655444
26866,0.024086966661931428,0.1156155738024412,0.8602974595356273
26867,0.02371719558111672,0.06072498782075301,0.9155578165981304
26868,0.022874256651674873,0.04366199056865924,0.933463752779666
26869,0.0019447889268860495,0.0022359519931598923,0.9958192590799541
26870,0.02950047736464312,0.7990850153442981,0.17141450729105895
26871,0.20912916830325465,0.1388406170070757,0.6520302146896697
26872,0.04285564072123475,0.09357426568765424,0.8635700935911109
26873,0.02870279133319105,0.15318946207304543,0.8181077465937635
26874,0.0464286887742807,0.5040152260911229,0.44955608513459644
26875,0.07495747286396834,0.26606848537603195,0.6589740417599996
26876,0.010582955327939299,0.026805644506205376,0.9626114001658554
26877,0.04324895573844881,0.05168574159674316,0.905065302664808
26878,0.029028089504642224,0.07080963603113147,0.9001622744642264
26879,0.04632918458177331,0.21511110475916143,0.7385597106590653
26880,0.2726195494105417,0.05574008237430125,0.6716403682151569
26881,0.024574613105853745,0.11195789115986497,0.8634674957342812
26882,0.5800418722853924,0.04426125839189227,0.3756968693227153
26883,0.006660241407627191,0.05567803956141934,0.9376617190309535
26884,0.0364998757826425,0.48780152040032987,0.47569860381702767
26885,0.356786081208473,0.05870215223889922,0.5845117665526278
26886,0.0282063157052896,0.05383553506620379,0.9179581492285066
26887,0.03000266699771772,0.04234584419165828,0.927651488810624
26888,0.16442079514100347,0.20837237884805365,0.6272068260109429
26889,0.03240199160611857,0.06659566948589998,0.9010023389079814
26890,0.06995590297368685,0.41390045170495643,0.5161436453213567
26891,0.05845551275111483,0.5223354879630985,0.41920899928578675
26892,0.07143486124202472,0.12223881557244233,0.8063263231855329
26893,0.04841737431805654,0.3941017789103801,0.5574808467715634
26894,0.031537446985528864,0.11014797845924126,0.85831457455523
26895,0.07916069534199831,0.36372617311770217,0.5571131315402995
26896,0.07031061700376919,0.1195298109897041,0.8101595720065268
26897,0.03068622447313174,0.25965486808822824,0.7096589074386399
26898,0.03236043324925966,0.10828041541905913,0.8593591513316813
26899,0.05404611105847763,0.1126475233312738,0.8333063656102484
26900,0.03360558423459773,0.22568260747573676,0.7407118082896657
26901,0.03382659924766608,0.2730154344083782,0.6931579663439558
26902,0.009690642181766863,0.019846502440929042,0.9704628553773039
26903,0.06733093589977411,0.1969023800473333,0.7357666840528925
26904,0.6498861332928679,0.33980073434672803,0.010313132360404072
26905,0.018826162889032046,0.14131392436135135,0.8398599127496166
26906,0.01976750511832643,0.08840394786987997,0.8918285470117936
26907,0.04195819901804285,0.043271045952512834,0.9147707550294443
26908,0.0537205236706523,0.1710053536521127,0.775274122677235
26909,0.04042550105608234,0.6701952975026776,0.2893792014412403
26910,0.08877627618205815,0.3754894027077161,0.5357343211102258
26911,0.06444142132601632,0.11877361246452997,0.8167849662094537
26912,0.02917647334812988,0.08661828832385494,0.8842052383280152
26913,0.3126667850116479,0.12234525287176225,0.56498796211659
26914,0.038820290319975276,0.19252615641602513,0.7686535532639995
26915,0.0238158268327045,0.045137717200443676,0.9310464559668516
26916,0.10568889329660083,0.892620712545141,0.0016903941582583294
26917,0.03198867558977065,0.13974371495658391,0.8282676094536454
26918,0.13463487854940354,0.12771693865820957,0.7376481827923869
26919,0.6548290941087245,0.09445051178810207,0.2507203941031735
26920,0.044604888965888156,0.24870553730037936,0.7066895737337325
26921,0.01618397975415016,0.7634951676349737,0.22032085261087608
26922,0.08965566240840181,0.6199137289631731,0.2904306086284252
26923,0.028336300593018518,0.054507826397677164,0.9171558730093042
26924,0.07043464361586971,0.12284439916588398,0.8067209572182463
26925,0.022813626471402164,0.03625162540110046,0.9409347481274973
26926,0.0998852622409531,0.2406203589801324,0.6594943787789145
26927,0.06802076605193627,0.1580723108659997,0.7739069230820639
26928,0.005922283661061436,0.9926653916950243,0.001412324643914281
26929,0.05118048265919299,0.13296931693639644,0.8158502004044106
26930,0.040794729803056644,0.7520004740231563,0.20720479617378704
26931,0.0510759967984209,0.9438007199941177,0.0051232832074612576
26932,0.039526760629956706,0.6172749050377929,0.3431983343322504
26933,0.598047247508345,0.07566906960166875,0.3262836828899862
26934,0.04621987580793813,0.06867764134060197,0.8851024828514599
26935,0.0472510063595505,0.08483512215898001,0.8679138714814696
26936,0.014623854486194467,0.03614435594040872,0.9492317895733969
26937,0.12101699697749979,0.2270601849993035,0.6519228180231967
26938,0.08986944718679693,0.897474528406577,0.01265602440662607
26939,0.4134935244170647,0.5720502519228456,0.014456223660089744
26940,0.10043618747019094,0.1590484136754351,0.7405153988543739
26941,0.05908467250763442,0.16184922547478034,0.7790661020175853
26942,0.05161799144422479,0.1278280817335688,0.8205539268222065
26943,0.014497742622504138,0.47983984805248914,0.5056624093250067
26944,0.038071075144807995,0.05196934244814791,0.9099595824070441
26945,0.08137301146133069,0.5231717081747277,0.39545528036394156
26946,0.027993788506368904,0.07558821010950126,0.8964180013841297
26947,0.05204303724863254,0.14867231601336334,0.799284646738004
26948,0.04953147596900803,0.3197064881252621,0.6307620359057299
26949,0.3998723764613039,0.05592173795494178,0.5442058855837544
26950,0.21603503009353253,0.10483490814319402,0.6791300617632735
26951,0.6720240332148176,0.27536925645073856,0.052606710334443904
26952,0.1614510932986458,0.22219278121118022,0.6163561254901739
26953,0.05055363629461596,0.014512020439778098,0.9349343432656061
26954,0.024803280560524835,0.10985859410644447,0.8653381253330307
26955,0.049392791840871815,0.4538637826450723,0.49674342551405587
26956,0.17092407680028052,0.24910379577884423,0.5799721274208752
26957,0.7687838753767549,0.07273046662004751,0.15848565800319775
26958,0.21760480332868734,0.13996904911151795,0.6424261475597947
26959,0.0322619849694376,0.2595151421096792,0.7082228729208832
26960,0.024452715507348143,0.14361601554809722,0.8319312689445546
26961,0.018043635921504545,0.06919015804033196,0.9127662060381634
26962,0.03251660586903135,0.7385331769566048,0.2289502171743638
26963,0.4430880093334974,0.0850706387900715,0.4718413518764311
26964,0.05069150975923813,0.08020414324143399,0.8691043469993279
26965,0.051629696614430155,0.5239912448073375,0.4243790585782325
26966,0.07031061700376919,0.1195298109897041,0.8101595720065268
26967,0.019797094201774987,0.03317521661083731,0.9470276891873877
26968,0.06940303796647972,0.15179591052867852,0.7788010515048418
26969,0.03392005465810947,0.07853991943865984,0.8875400259032307
26970,0.08447133346421164,0.10160862730124319,0.8139200392345451
26971,0.038295437617913736,0.3201698593577288,0.6415347030243576
26972,0.1308256546497983,0.3254082262528344,0.5437661190973673
26973,0.02321699934509702,0.05829032293685768,0.9184926777180452
26974,0.01351608463492493,0.019828732441193268,0.9666551829238818
26975,0.04873901924860986,0.03903134542349283,0.9122296353278972
26976,0.058902445130911044,0.9351958082617498,0.0059017466073391445
26977,0.05073031586071375,0.09424298188697001,0.8550267022523163
26978,0.027360982352393648,0.1090390738554401,0.8635999437921663
26979,0.09315854494929433,0.3438809339355046,0.562960521115201
26980,0.03949484849581753,0.0810545486258429,0.8794506028783395
26981,0.05352901579873535,0.4167647871205279,0.5297061970807369
26982,0.03297264753810025,0.12851385158115086,0.8385135008807489
26983,0.1000858159626313,0.23263516579729407,0.6672790182400747
26984,0.03189881908346985,0.07634329511606029,0.8917578858004699
26985,0.052837163089304896,0.5201070218498591,0.427055815060836
26986,0.05571516158869046,0.037100398210668,0.9071844402006415
26987,0.047867633601551864,0.6818162214593505,0.2703161449390976
26988,0.12143550184634545,0.4645672286523159,0.4139972695013387
26989,0.07959261252477029,0.3259441147641797,0.5944632727110502
26990,0.050776465740472544,0.057114106086859975,0.8921094281726675
26991,0.025664509597300912,0.0658973870141449,0.908438103388554
26992,0.037473302326911026,0.6178685331390682,0.34465816453402065
26993,0.023267377416753575,0.08408467283009738,0.892647949753149
26994,0.12303863265876437,0.10244913477518382,0.774512232566052
26995,0.027517006223747146,0.27531196560576104,0.6971710281704919
26996,0.01537043866443803,0.05772325092525657,0.9269063104103054
26997,0.2888948661814793,0.4126032826908,0.29850185112772076
26998,0.3677086571188085,0.07273469941848952,0.5595566434627022
26999,0.5741622114694893,0.11160307190252639,0.31423471662798425
27000,0.048243081448403134,0.4684533271752498,0.48330359137634693
27001,0.06630383427492244,0.39900560488540404,0.5346905608396734
27002,0.04400204919153288,0.3560573753927975,0.5999405754156696
27003,0.10002063939053879,0.12504563978985622,0.774933720819605
27004,0.07813959628960385,0.17974941657300453,0.7421109871373917
27005,0.023785352206952617,0.4104777657817374,0.56573688201131
27006,0.027581327157747394,0.031010325077199512,0.9414083477650531
27007,0.06161079193626136,0.7840782559917745,0.1543109520719641
27008,0.0706378595216532,0.3100815394449994,0.6192806010333475
27009,0.04495949759187246,0.2000615953989153,0.7549789070092121
27010,0.014707157511246004,0.094002430824573,0.8912904116641811
27011,0.25063898912540256,0.5982530641452323,0.15110794672936512
27012,0.06153835260031242,0.062443063301430894,0.8760185840982566
27013,0.1538802105406057,0.1334709358232972,0.7126488536360971
27014,0.07436085880074282,0.44543031044201264,0.4802088307572445
27015,0.11512551290776042,0.44026415568793303,0.44461033140430645
27016,0.02531374043651014,0.0411852947299507,0.9335009648335392
27017,0.036057208287229,0.11226292122919138,0.8516798704835795
27018,0.07517251818560555,0.09700689659318493,0.8278205852212095
27019,0.10139364250970104,0.12877243013488687,0.7698339273554122
27020,0.020994384936941668,0.4641826329784576,0.5148229820846008
27021,0.03245444458444027,0.46887012152059965,0.49867543389496005
27022,0.02074442337539429,0.05073657982470547,0.9285189967999001
27023,0.18880240263206965,0.30227388648732145,0.508923710880609
27024,0.07974693884782474,0.22284833703956503,0.6974047241126101
27025,0.17368816610744536,0.045170616218349786,0.7811412176742047
27026,0.01074023019208611,0.04282924395065347,0.9464305258572604
27027,0.09723314512026916,0.03726587730816738,0.8655009775715635
27028,0.5600539066426274,0.07613869075537694,0.3638074026019957
27029,0.020034914937417058,0.08269643138724173,0.8972686536753413
27030,0.16587813501194154,0.5218398453342747,0.31228201965378366
27031,0.6815015839201821,0.15091458257302307,0.1675838335067949
27032,0.37608350445328653,0.09157707940598106,0.5323394161407325
27033,0.05594209316653077,0.07880767097111127,0.8652502358623579
27034,0.06715261840713391,0.10122876137465525,0.8316186202182108
27035,0.7019249110928241,0.04316893088785731,0.25490615801931865
27036,0.03422499764736153,0.039535871409998445,0.9262391309426399
27037,0.2944671142603634,0.21435589320734263,0.491176992532294
27038,0.03754606141474129,0.10006804071354322,0.8623858978717154
27039,0.2758095812290864,0.15707861779785226,0.5671118009730615
27040,0.09882536587820898,0.11516093265762536,0.7860137014641656
27041,0.007267042713912272,0.03117109661480622,0.9615618606712814
27042,0.19756604769540617,0.7952334352586591,0.0072005170459346025
27043,0.06963602594844388,0.1331712817176495,0.7971926923339067
27044,0.05300763098450045,0.0951254918563609,0.8518668771591387
27045,0.05436314031200088,0.19133197180204645,0.7543048878859526
27046,0.029563764645348725,0.05363041253984918,0.916805822814802
27047,0.055545196293362506,0.6748412404649191,0.2696135632417183
27048,0.32297182361870713,0.6742400708896763,0.0027881054916165625
27049,0.059620446531967256,0.5054603452957659,0.43491920817226687
27050,0.02444395565536812,0.094190549912331,0.8813654944323009
27051,0.07665286982832992,0.2901960644946476,0.6331510656770225
27052,0.030224358748076347,0.0577498076728466,0.9120258335790771
27053,0.06636202414972651,0.28861984442819416,0.6450181314220794
27054,0.051439338391373095,0.04720968158907994,0.9013509800195469
27055,0.0953881196171444,0.899386141597853,0.005225738785002535
27056,0.10675745173665535,0.8898945870867462,0.003347961176598501
27057,0.050932050234121146,0.22273217454417119,0.7263357752217077
27058,0.14607741691336812,0.15818600147256515,0.6957365816140668
27059,0.025373736805880145,0.035392495211390325,0.9392337679827296
27060,0.08397537353605163,0.12603238042976692,0.7899922460341814
27061,0.5834267415891056,0.13625165806697273,0.2803216003439216
27062,0.17592138483505743,0.062863418166873,0.7612151969980695
27063,0.05237188153103493,0.0727211002200547,0.8749070182489103
27064,0.0033899076637269295,0.013103961157602343,0.9835061311786708
27065,0.06267388403882974,0.4841487525102766,0.45317736345089366
27066,0.006627270289294586,0.02165467611514218,0.9717180535955632
27067,0.060961661097354305,0.21154247696634434,0.7274958619363013
27068,0.6799717708564157,0.040029808391148704,0.27999842075243564
27069,0.01717077922658435,0.04905404690639791,0.9337751738670177
27070,0.023255340665616867,0.028857620525677852,0.9478870388087053
27071,0.019607590857790094,0.035320188690639576,0.9450722204515704
27072,0.04170098903557735,0.29481810365185734,0.6634809073125654
