index,0,1,2
26457,0.09097235494239103,0.18615545064029573,0.7228721944173131
26458,0.11829099249322687,0.17468341669991855,0.7070255908068547
26459,0.07847823797184647,0.12339344574136792,0.7981283162867856
26460,0.11258972268072302,0.11911020893488633,0.7683000683843908
26461,0.11576235711813467,0.15443618275813517,0.7298014601237302
26462,0.07512010494389756,0.12845384321964054,0.7964260518364619
26463,0.531909284676973,0.4668308576441386,0.0012598576788884941
26464,0.0983744603573715,0.18097491448079694,0.7206506251618314
26465,0.053809536631581334,0.10386337600937465,0.8423270873590439
26466,0.08838311201613852,0.303946928277158,0.6076699597067033
26467,0.09860426272606386,0.184460273971608,0.7169354633023282
26468,0.10153480571033097,0.18717747561747652,0.7112877186721924
26469,0.2834935025057956,0.1395808153179946,0.5769256821762098
26470,0.10634298445074246,0.18341821132521038,0.7102388042240471
26471,0.0908544733022996,0.19077218689594008,0.7183733398017604
26472,0.09982587710894872,0.142337315163631,0.7578368077274203
26473,0.10800731232357073,0.17095830710240936,0.7210343805740199
26474,0.20382778356052692,0.7950334678932811,0.0011387485461919827
26475,0.134178349440337,0.21112903909027317,0.6546926114693897
26476,0.04636496458360295,0.10784355541322017,0.8457914800031769
26477,0.1577396292253913,0.21899382323810815,0.6232665475365006
26478,0.13691267532944992,0.14740426817624547,0.7156830564943046
26479,0.06426097200870057,0.1712646406326405,0.764474387358659
26480,0.12715663022363985,0.11201573755542177,0.7608276322209383
26481,0.12960249343620728,0.24651901588468128,0.6238784906791115
26482,0.18229456554165868,0.1464444981898505,0.6712609362684909
26483,0.07233461374677644,0.19133006892018173,0.7363353173330419
26484,0.1290739957506385,0.22003574123125014,0.6508902630181113
26485,0.10305758271114132,0.155529165701127,0.7414132515877317
26486,0.1321756944587026,0.20285201495816224,0.6649722905831352
26487,0.15589927353126984,0.23347030724758955,0.6106304192211406
26488,0.12556463498440973,0.839737997017485,0.03469736799810518
26489,0.08631942752724225,0.3551822678898659,0.5584983045828918
26490,0.10204661714722531,0.21529691002617224,0.6826564728266025
26491,0.11240369279294281,0.16031910329667917,0.727277203910378
26492,0.10304468383257939,0.17709576607343716,0.7198595500939835
26493,0.3069557674163619,0.6920338614067073,0.0010103711769307814
26494,0.07399512220104647,0.29653166619847565,0.6294732116004779
26495,0.18307972981567658,0.1444181068392811,0.6725021633450423
26496,0.13136362991121114,0.19086497348756698,0.677771396601222
26497,0.05934527720677002,0.578114030987426,0.362540691805804
26498,0.18267866831177995,0.26413607091649827,0.5531852607717218
26499,0.10483976949967591,0.17093852243087446,0.7242217080694497
26500,0.11297147445483771,0.37383519987922753,0.5131933256659348
26501,0.08857870482837148,0.3363774529442018,0.5750438422274268
26502,0.0777576863812824,0.12629454164628026,0.7959477719724373
26503,0.13711510337071972,0.17589876893160303,0.6869861276976772
26504,0.13981664067351648,0.22694825562576454,0.633235103700719
26505,0.10626703249928682,0.1099960538794041,0.7837369136213089
26506,0.0823797688268741,0.8986009509988301,0.019019280174295716
26507,0.14944960627598794,0.8452543048896415,0.005296088834370648
26508,0.16428230029231533,0.2649211154220178,0.5707965842856668
26509,0.1597229288642238,0.17989886813208497,0.6603782030036912
26510,0.09758281386697129,0.18833479228507047,0.7140823938479582
26511,0.12983745410404396,0.16311664658337607,0.70704589931258
26512,0.09424769448011185,0.15611306498272484,0.7496392405371634
26513,0.09999264853818272,0.15592354665124492,0.7440838048105722
26514,0.07382851470350947,0.1636609127899591,0.7625105725065313
26515,0.15194558246448703,0.14667976187441956,0.7013746556610935
26516,0.09766050948090375,0.3336965984984332,0.5686428920206631
26517,0.24581616585216348,0.752375612003313,0.0018082221445235192
26518,0.09724916931469224,0.17995558067489825,0.7227952500104095
26519,0.21674186485027963,0.21270190015898513,0.5705562349907352
26520,0.05554008735973054,0.6241820551572086,0.32027785748306076
26521,0.1444614590575767,0.1826677503676616,0.6728707905747616
26522,0.1462503917355078,0.2147613230030439,0.6389882852614482
26523,0.08522491221712843,0.1849662328481937,0.729808854934678
26524,0.1111296904876311,0.2226738227677074,0.6661964867446615
26525,0.1262198763940538,0.20727147374389535,0.6665086498620509
26526,0.09313105253256351,0.14639213335496049,0.7604768141124761
26527,0.0919743926815159,0.18480506089724327,0.7232205464212409
26528,0.19407115900813948,0.7996768654379035,0.006251975553956945
26529,0.13492994815824327,0.14308425660117677,0.7219857952405798
26530,0.05557492061082147,0.1491944784841818,0.7952306009049968
26531,0.14548958735913897,0.14982677496399657,0.7046836376768645
26532,0.12334145534293156,0.1520027419896539,0.7246558026674146
26533,0.12630726416889507,0.17986812608309055,0.6938246097480144
26534,0.09418265265693287,0.1244595603141446,0.7813577870289224
26535,0.11825183604661052,0.16175785743451132,0.7199903065188781
26536,0.11956996800851659,0.25695888824119145,0.6234711437502919
26537,0.10850307941326849,0.1115767199284825,0.779920200658249
26538,0.05963059985967957,0.23956273951609114,0.7008066606242292
26539,0.10034646811577667,0.15558007304941884,0.7440734588348045
26540,0.11592787689185256,0.4503301392436344,0.43374198386451307
26541,0.09125773591600822,0.14928252052534388,0.7594597435586479
26542,0.07513522212699668,0.1666607973318647,0.7582039805411387
26543,0.1912586458710979,0.15297800076999543,0.6557633533589067
26544,0.2092322705739058,0.2142648906798909,0.5765028387462033
26545,0.10117401557867588,0.22440749976487726,0.6744184846564469
26546,0.10377654659756858,0.1949689774067254,0.701254475995706
26547,0.08657182186712337,0.14002302887771279,0.7734051492551639
26548,0.11931571568706666,0.1345274041347478,0.7461568801781855
26549,0.2823933919218118,0.715065823949897,0.0025407841282912747
26550,0.0691892913270487,0.2688737701888844,0.6619369384840669
26551,0.08612106108912035,0.15413215228749527,0.7597467866233845
26552,0.08529180203002704,0.19585671643388997,0.718851481536083
26553,0.0933908580539279,0.11643753172136853,0.7901716102247035
26554,0.09654081252043246,0.39231909106749097,0.5111400964120767
26555,0.13872457623348572,0.20073379256273344,0.660541631203781
26556,0.07340765013237642,0.26461199905830146,0.6619803508093222
26557,0.15659599286722084,0.15585294505858238,0.6875510620741967
26558,0.11537326534043,0.15724492288767375,0.7273818117718962
26559,0.12978671320719648,0.12640269255539952,0.743810594237404
26560,0.08702389815541597,0.288020855427038,0.6249552464175461
26561,0.10163446291404578,0.19647708540169864,0.7018884516842556
26562,0.1179022955487667,0.1272745333226918,0.7548231711285416
26563,0.12148269261050491,0.11870053129717885,0.7598167760923163
26564,0.07762900153622872,0.1849058555076865,0.7374651429560848
26565,0.13520890703569943,0.3375481677187496,0.5272429252455509
26566,0.09457548905286399,0.1870665759260942,0.7183579350210418
26567,0.07175835983086554,0.14807603650549958,0.7801656036636349
26568,0.21393777691635735,0.7848898972267785,0.001172325856864193
26569,0.10515804428149624,0.14295046290884975,0.751891492809654
26570,0.16415148695597578,0.3120614588603058,0.5237870541837184
26571,0.11901828345839499,0.14209454881358863,0.7388871677280164
26572,0.11725847855631315,0.2345637443463746,0.6481777770973122
26573,0.10700190604267716,0.14211152933206486,0.7508865646252579
26574,0.1689633562808624,0.152714598378872,0.6783220453402656
26575,0.12652363045786044,0.1575209467395726,0.7159554228025671
26576,0.11255243615860647,0.10321240002640614,0.7842351638149875
26577,0.10011447678721173,0.17278019961040425,0.727105323602384
26578,0.12771089383827547,0.36459721020216107,0.5076918959595634
26579,0.26262808602741444,0.7359450273680199,0.0014268866045655372
26580,0.08976970817026507,0.08086758655613203,0.8293627052736029
26581,0.12574220585361914,0.18271874502761795,0.691539049118763
26582,0.09354383666942856,0.13089966222924884,0.7755565011013227
26583,0.08176430171089347,0.14585332380480062,0.7723823744843059
26584,0.06818483181729768,0.16384532460304813,0.7679698435796541
26585,0.14253623518966352,0.164047023961361,0.6934167408489755
26586,0.25321375020672,0.22361106836860223,0.5231751814246779
26587,0.16921135299509396,0.468585803317495,0.36220284368741107
26588,0.07428346091499595,0.12731196233642997,0.798404576748574
26589,0.1018964273243361,0.14566232429601905,0.7524412483796449
26590,0.10859316682361549,0.2580400433489556,0.633366789827429
26591,0.19304028749063065,0.8046859753998954,0.002273737109473863
26592,0.3781383918498054,0.11334576751297264,0.5085158406372219
26593,0.11714088896805501,0.15480766260823947,0.7280514484237055
26594,0.08260331476147428,0.26987937882521845,0.6475173064133073
26595,0.10658688184017659,0.15061953128564257,0.7427935868741808
26596,0.06203629943419131,0.16084574448501496,0.7771179560807938
26597,0.11243413617789184,0.4548335919197635,0.4327322719023447
26598,0.11145239983832488,0.1939061019494174,0.6946414982122576
26599,0.09436569880777759,0.13229747138222603,0.7733368298099964
26600,0.058616905420273584,0.08715419560449,0.8542288989752365
26601,0.10092271402151098,0.15542255245398748,0.7436547335245015
26602,0.10508831418951037,0.16078504078527672,0.734126645025213
26603,0.060207370440868054,0.2183751867836601,0.7214174427754719
26604,0.11953521730813003,0.22911255908488737,0.6513522236069826
26605,0.082716568220464,0.15456726805638787,0.7627161637231482
26606,0.17457742761570436,0.1435419957208986,0.6818805766633971
26607,0.20116415574954907,0.7923898921317172,0.006445952118733748
26608,0.07034941812115475,0.13396721535895328,0.795683366519892
26609,0.11587916939519505,0.17255808646181828,0.7115627441429867
26610,0.3622698079984571,0.6245529466589189,0.013177245342624008
26611,0.08985389615232464,0.15037134213908945,0.7597747617085858
26612,0.09307689495889224,0.13443484028901895,0.7724882647520889
26613,0.16045097394817884,0.15829575359151699,0.6812532724603043
26614,0.09920217329803752,0.1749670699202251,0.7258307567817374
26615,0.06631490678619749,0.2067437459241286,0.7269413472896739
26616,0.09803721276786952,0.1285277536152997,0.7734350336168307
26617,0.10958428890086543,0.1287558413291695,0.7616598697699651
26618,0.10495926833383268,0.17880462788676588,0.7162361037794014
26619,0.1266406762650561,0.1610793948195918,0.7122799289153521
26620,0.2134152632592477,0.7796220424503442,0.006962694290408024
26621,0.11796026599588161,0.12858634304012764,0.7534533909639907
26622,0.10786402116033131,0.39202714540763733,0.5001088334320314
26623,0.08574413398557658,0.3731445694673881,0.5411112965470354
26624,0.06501642311749224,0.14123647480861834,0.7937471020738894
26625,0.20958901200816052,0.199369334326951,0.5910416536648885
26626,0.13414305112976696,0.16055820806198748,0.7052987408082455
26627,0.11501534759723679,0.13233964911836912,0.752645003284394
26628,0.10575023818147132,0.19292127352319063,0.7013284882953381
26629,0.1056495171856282,0.13054889736936695,0.7638015854450049
26630,0.11266964608625067,0.20515538221881285,0.6821749716949366
26631,0.05301242729948276,0.051217997300393885,0.8957695754001234
26632,0.20962235086931033,0.11449640440888567,0.675881244721804
26633,0.08026000806119431,0.11107166974349263,0.8086683221953131
26634,0.06978923437543272,0.12522803548308023,0.8049827301414871
26635,0.06962971309803387,0.29940224309337843,0.6309680438085877
26636,0.08747536870849994,0.22120238056192504,0.6913222507295751
26637,0.07428828401711841,0.1276999032567273,0.7980118127261543
26638,0.11007064602059329,0.4937824155111781,0.3961469384682285
26639,0.19173683288949803,0.40796040945226736,0.4003027576582346
26640,0.08473627437024452,0.12798173867296309,0.7872819869567925
26641,0.14700129300922596,0.5778852551717417,0.27511345181903224
26642,0.10651942728048523,0.07456049124918535,0.8189200814703294
26643,0.09834455948726945,0.16938191834025038,0.7322735221724802
26644,0.11148912392648368,0.16564697767006348,0.7228638984034529
26645,0.06007234989364573,0.14790673538224897,0.7920209147241054
26646,0.27328166231564965,0.3473134657194178,0.3794048719649325
26647,0.09504420242569876,0.16384374570823793,0.7411120518660633
26648,0.1531532894537143,0.4200800602120622,0.42676665033422345
26649,0.10191222160633462,0.13280906738824935,0.765278711005416
26650,0.22742627656847236,0.7650284749432625,0.007545248488265073
26651,0.3078020866526781,0.689374756656498,0.0028231566908240103
26652,0.09250195384414649,0.13042302277520626,0.7770750233806472
26653,0.2014599232463757,0.16539511357938091,0.6331449631742434
26654,0.11261578366227867,0.20083402128030925,0.686550195057412
26655,0.08747972854544218,0.2831282098928142,0.6293920615617437
26656,0.09375937975616024,0.18754820393807942,0.7186924163057603
26657,0.10880066906439188,0.1257366604748216,0.7654626704607864
26658,0.07524358141885691,0.19364536745667515,0.731111051124468
26659,0.12814050741881997,0.19376799906825795,0.6780914935129221
26660,0.0930469324569892,0.19719170775469372,0.7097613597883171
26661,0.08587665565278998,0.16101530998168168,0.7531080343655283
26662,0.055623537221937504,0.20217973933543518,0.7421967234426273
26663,0.14880239240223095,0.15424546370379863,0.6969521438939704
26664,0.07836364062023572,0.15071345102267492,0.7709229083570893
26665,0.17856736078159213,0.20400851913461263,0.6174241200837953
26666,0.07458726485251792,0.40578167774425977,0.5196310574032222
26667,0.08572983539645669,0.15114688191063477,0.7631232826929084
26668,0.21141363632190638,0.2729353583426538,0.5156510053354398
26669,0.11204352707578519,0.3258143703335261,0.5621421025906886
26670,0.10069996936120848,0.18295874051878508,0.7163412901200065
26671,0.10655850417613795,0.14732661209676665,0.7461148837270953
26672,0.06871208444056977,0.18075101877809782,0.7505368967813324
26673,0.0660695279615338,0.17329820559511197,0.7606322664433542
26674,0.21200002189606534,0.10557767933367763,0.6824222987702571
26675,0.10646081860273011,0.30705999719538857,0.5864791842018813
26676,0.10200124909372378,0.1967469050016421,0.7012518459046341
26677,0.04268119619081146,0.05194169268578829,0.9053771111234002
26678,0.11923059826123467,0.2400125912003995,0.6407568105383659
26679,0.22142157115849515,0.13631174815299124,0.6422666806885136
26680,0.042988396911417724,0.13332242680224968,0.8236891762863325
26681,0.08847717266526216,0.2127307313455951,0.6987920959891428
26682,0.06965224038876798,0.16935502504218736,0.7609927345690447
26683,0.07621277085961578,0.30994670931157026,0.6138405198288138
26684,0.08334163065844029,0.15751571902407607,0.7591426503174837
26685,0.13448835863357964,0.1369843487644721,0.7285272926019483
26686,0.06871752918605316,0.14724092234512623,0.7840415484688206
26687,0.11943316576216914,0.1814419968262807,0.6991248374115501
26688,0.11961289600968839,0.41708021567845976,0.46330688831185185
26689,0.06874048338784114,0.16623929038311527,0.7650202262290436
26690,0.0743450347996101,0.1506021488969968,0.7750528163033932
26691,0.10831839389870654,0.34237284398357715,0.5493087621177163
26692,0.05948535574537999,0.34929089859109064,0.5912237456635294
26693,0.2079328718803785,0.19250425922065703,0.5995628688989645
26694,0.42491468316367714,0.573595436732676,0.0014898801036468
26695,0.1367466078772439,0.1574823906964222,0.7057710014263339
26696,0.1088289573723416,0.1939544881007235,0.6972165545269349
26697,0.07541042247329338,0.08794763389659921,0.8366419436301074
26698,0.07896496300986944,0.11004935517655998,0.8109856818135706
26699,0.11281957421694708,0.286135025693536,0.6010454000895169
26700,0.07005310089518511,0.30378802454605786,0.6261588745587571
26701,0.13718463616252022,0.37893348632450835,0.4838818775129715
26702,0.11223647071344225,0.34828668691311854,0.5394768423734392
26703,0.08243719651502342,0.14939781874917735,0.7681649847357993
26704,0.10859854452709149,0.20694056089395477,0.6844608945789536
26705,0.10708340733092049,0.13391186885700182,0.7590047238120777
26706,0.18827787286762135,0.14866515911539843,0.6630569680169803
26707,0.2037618809047969,0.18288665217688171,0.6133514669183213
26708,0.07609920305621366,0.1494365858105648,0.7744642111332216
26709,0.11863077245142543,0.1166020118995396,0.7647672156490349
26710,0.12396877577995591,0.187389614650316,0.6886416095697282
26711,0.12372744898239647,0.13663399003362528,0.7396385609839783
26712,0.10001059836068839,0.1257149294321698,0.7742744722071419
26713,0.2093509759308766,0.39165281628043963,0.3989962077886838
26714,0.05498254303665252,0.12082633298423436,0.8241911239791132
26715,0.0921820320178566,0.16906800759501772,0.7387499603871257
26716,0.10253220138486657,0.47135008137098183,0.4261177172441516
26717,0.08137829215483093,0.20347779720065734,0.7151439106445118
26718,0.0928527061778285,0.23449621880993593,0.6726510750122355
26719,0.11598748418413066,0.2231312916714112,0.6608812241444582
26720,0.11209097773314755,0.16508474552782018,0.7228242767390323
26721,0.07070886126178746,0.2924200069922349,0.6368711317459778
26722,0.060085746925991966,0.16667131679373845,0.7732429362802696
26723,0.07427804252041263,0.10868438905066996,0.8170375684289174
26724,0.12307252278102121,0.2490230493212811,0.6279044278976976
26725,0.05549469454026325,0.23475367532424876,0.709751630135488
26726,0.17468923607562145,0.29924576539012604,0.5260649985342525
26727,0.05963686937324262,0.21286003408901044,0.7275030965377469
26728,0.14727911134436011,0.21122115595294813,0.6414997327026918
26729,0.13094618481532772,0.29396810052008177,0.5750857146645906
26730,0.1413026598825175,0.25057617215917527,0.6081211679583073
26731,0.07381805486123667,0.11606385464973694,0.8101180904890263
26732,0.17892447914482248,0.8196718829265216,0.001403637928655966
26733,0.14046209069709836,0.12658523358656762,0.7329526757163342
26734,0.08746791867507483,0.17454586856289497,0.7379862127620301
26735,0.0652583387261705,0.18203095818329249,0.7527107030905369
26736,0.0801960147095848,0.24136612614988118,0.6784378591405341
26737,0.15004378436602392,0.2853903088765748,0.5645659067574013
26738,0.0710062269570287,0.1524241267922521,0.7765696462507192
26739,0.20641918877353793,0.16415016460137888,0.6294306466250832
26740,0.09877451253595813,0.13287177200385925,0.7683537154601827
26741,0.1298691368530134,0.8682664189799876,0.0018644441669990895
26742,0.06442996589991033,0.18980045293741318,0.7457695811626764
26743,0.11115509397624966,0.1798023916728616,0.7090425143508888
26744,0.09298779893181494,0.1922074668854768,0.7148047341827084
26745,0.08858688482416617,0.15942183083930145,0.7519912843365324
26746,0.17501210200904194,0.14008347891868864,0.6849044190722694
26747,0.0857560416740277,0.4063529130861424,0.50789104523983
26748,0.17936975033377853,0.28531497272544043,0.5353152769407811
26749,0.09904741190445941,0.1696694800258551,0.7312831080696856
26750,0.11023844962900463,0.14420020661614968,0.7455613437548456
26751,0.08953120911299209,0.17993592059839486,0.730532870288613
26752,0.16631020905057062,0.2784176302792012,0.5552721606702282
26753,0.09542416660075777,0.1661055699866137,0.7384702634126284
26754,0.1010968859326373,0.12258806373675302,0.7763150503306098
26755,0.13539752103775177,0.16058465760570834,0.70401782135654
26756,0.10694218659368657,0.15950249934651822,0.7335553140597951
26757,0.14894284644637135,0.18329952175800054,0.6677576317956281
26758,0.06450317534724338,0.21172118445707472,0.7237756401956819
26759,0.08894894244021771,0.18323689989410794,0.7278141576656744
26760,0.13992939103661306,0.18882356562944871,0.6712470433339381
26761,0.09231371465252478,0.15043661862218133,0.7572496667252939
26762,0.07477347011515752,0.13290072737018968,0.7923258025146527
26763,0.05855260485189775,0.15931192405757708,0.7821354710905252
26764,0.1180232887047686,0.2388763258651388,0.6431003854300925
26765,0.16480020412277416,0.09141582622602411,0.7437839696512016
26766,0.1648883857816424,0.3692635104729148,0.4658481037454427
26767,0.11619789082423852,0.21891494097096997,0.6648871682047915
26768,0.10221784677422564,0.896214656100024,0.0015674971257502804
26769,0.10748719731506497,0.1794014851624263,0.7131113175225087
26770,0.12434902587656266,0.6169802521505967,0.2586707219728406
26771,0.15870148568017253,0.8394738120257432,0.0018247022940842412
26772,0.2884906474404192,0.15386664264897215,0.5576427099106086
26773,0.10184693254186128,0.0856501386646488,0.81250292879349
26774,0.10940004761009844,0.21601773258635731,0.6745822198035443
26775,0.10545683118222632,0.14786230196226882,0.7466808668555048
26776,0.07206324121454932,0.15029675054186856,0.7776400082435821
26777,0.09286038287525049,0.054879121051371466,0.8522604960733781
26778,0.09729647602430513,0.15851271683654625,0.7441908071391485
26779,0.11388102350681008,0.16242619007857104,0.7236927864146189
26780,0.11427699797376617,0.22823819899142955,0.6574848030348044
26781,0.05520532940019809,0.15549054198063494,0.789304128619167
26782,0.10874254701794091,0.15789544883188367,0.7333620041501754
26783,0.1464326530114878,0.16839717324948614,0.685170173739026
26784,0.09480068881111088,0.40203833568492775,0.5031609755039614
26785,0.11429689521195968,0.15556358711023524,0.730139517677805
26786,0.17510843327031486,0.11362141125920125,0.7112701554704838
26787,0.12704132436750878,0.17343222423002919,0.699526451402462
26788,0.13851907658103263,0.10749093500827923,0.7539899884106882
26789,0.1458234021001762,0.21276153896117583,0.6414150589386479
26790,0.09782206229488458,0.19352116300799715,0.7086567746971182
26791,0.08217220912945353,0.15323010206087462,0.7645976888096719
26792,0.10868167311187715,0.135797192789741,0.755521134098382
26793,0.1183262691144306,0.1499867949538577,0.7316869359317117
26794,0.08458359429717158,0.19863827237941725,0.7167781333234111
26795,0.0404823769251299,0.330038093563262,0.629479529511608
26796,0.2636884206291585,0.7355933192083801,0.0007182601624614385
26797,0.12663527629992394,0.2393202928613068,0.6340444308387693
26798,0.14831575836886296,0.14846192499318098,0.7032223166379561
26799,0.09686308325788204,0.15034434423932358,0.7527925725027943
26800,0.16851842255979801,0.8234448192342343,0.008036758205967618
26801,0.21053304406876697,0.27179851226997,0.5176684436612631
26802,0.11473217238031769,0.14190051031584724,0.743367317303835
26803,0.07455302721211428,0.22595001297262218,0.6994969598152636
26804,0.0374758148216912,0.16190514101672898,0.8006190441615798
26805,0.0415311901424282,0.12533495468884204,0.8331338551687298
26806,0.06832105205645504,0.12904522032273374,0.8026337276208112
26807,0.06941677758262968,0.13561016391453906,0.7949730585028313
26808,0.08513195835105064,0.327512183355126,0.5873558582938233
26809,0.1411752601903845,0.17320525051658422,0.6856194892930314
26810,0.0591078521934995,0.19487486538207896,0.7460172824244214
26811,0.06500301383980452,0.12578445026364127,0.8092125358965542
26812,0.07162556384570873,0.14437331872419418,0.784001117430097
26813,0.07045607984132944,0.5218463797578641,0.4076975404008064
26814,0.13245435284814386,0.13849907479940896,0.7290465723524472
26815,0.10802574267953789,0.2748323571193831,0.617141900201079
26816,0.083238487354137,0.2005244382295805,0.7162370744162826
26817,0.13796504818802088,0.07220535226806302,0.7898295995439161
26818,0.09022426185001471,0.18827582011000613,0.721499918039979
26819,0.06946474147450434,0.3121862842426116,0.618348974282884
26820,0.19371543379738204,0.803427682460781,0.002856883741837049
26821,0.15123906839858361,0.8418152915337033,0.006945640067713018
26822,0.10130925845545119,0.1794932284406923,0.7191975131038566
26823,0.10424076127887481,0.20304902101969546,0.6927102177014297
26824,0.11755250819299123,0.1729258008000972,0.7095216910069115
26825,0.05103277349685218,0.13253088236498362,0.8164363441381641
26826,0.12974317667109583,0.17847628704435897,0.6917805362845452
26827,0.13295275510221394,0.1564842575454142,0.7105629873523719
26828,0.15941224298944356,0.1088676600390271,0.7317200969715294
26829,0.0627859064960715,0.11095901361190567,0.8262550798920227
26830,0.11528440149399034,0.15260663504402408,0.7321089634619855
26831,0.06860608611192719,0.25584765286184896,0.6755462610262238
26832,0.02889609210853483,0.12575650371958252,0.8453474041718826
26833,0.08546186982666219,0.1182488915132246,0.7962892386601134
26834,0.08387070577196691,0.23123577982590973,0.6848935144021234
26835,0.4933470472038551,0.10687142719933704,0.39978152559680785
26836,0.19730024788691394,0.5187339306019403,0.28396582151114586
26837,0.08862017211746374,0.07246885028306091,0.8389109775994754
26838,0.1330270719821681,0.19499403118983794,0.6719788968279939
26839,0.3042463802820737,0.11809027117260738,0.5776633485453189
26840,0.10413100703531498,0.34129394113062034,0.5545750518340646
26841,0.05825742170577035,0.1400752858738536,0.8016672924203759
26842,0.09289217049628239,0.2344112073424854,0.6726966221612322
26843,0.08211934846423213,0.1320782974438704,0.7858023540918975
26844,0.1408509260167526,0.5609635073644723,0.2981855666187751
26845,0.24960599328264985,0.11897990171282792,0.6314141050045221
26846,0.058717011058277244,0.14456969691395125,0.7967132920277714
26847,0.09142204600531154,0.24681853653711916,0.6617594174575693
26848,0.1516121251911427,0.12258399242768728,0.72580388238117
26849,0.20018608666654808,0.2025915164574205,0.5972223968760315
26850,0.20417310171300032,0.27325119066503456,0.5225757076219651
26851,0.14096584771813617,0.21320994526979928,0.6458242070120646
26852,0.12466686921252493,0.3261096670611598,0.5492234637263154
26853,0.09365266856038745,0.20247803002685866,0.7038693014127538
26854,0.08011082886955,0.9186874670884859,0.0012017040419640204
26855,0.08629519849230845,0.3206390476494871,0.5930657538582045
26856,0.1693387660419585,0.1180828323750012,0.7125784015830402
26857,0.08499823168063088,0.18811932834620385,0.7268824399731653
26858,0.09480541439650904,0.4542898136854106,0.45090477191808037
26859,0.1339264691719769,0.3936279827986086,0.47244554802941435
26860,0.08363510728696547,0.42589212072086036,0.4904727719921743
26861,0.08979053913550719,0.19912986021146445,0.7110796006530283
26862,0.10772040533863762,0.19489300705696908,0.6973865876043933
26863,0.0799850782897247,0.17981442879555812,0.7402004929147172
26864,0.1446188488007835,0.13887988574171664,0.7165012654574998
26865,0.055490292762300726,0.053976966316212835,0.8905327409214865
26866,0.08410399663632559,0.17085098163621937,0.7450450217274551
26867,0.12325288294109027,0.11283484963993687,0.763912267418973
26868,0.06699310199864307,0.15865460917546914,0.7743522888258879
26869,0.04358697577046522,0.033999657595202244,0.9224133666343325
26870,0.09446931878538273,0.3881000493479649,0.5174306318666524
26871,0.11839129162684132,0.18858268012249813,0.6930260282506605
26872,0.19814213259955932,0.15414481744176414,0.6477130499586765
26873,0.1058890659414992,0.23461163115815872,0.659499302900342
26874,0.13299233378811248,0.29531668069861455,0.571690985513273
26875,0.09626829051994722,0.16488949153623403,0.7388422179438188
26876,0.053510330780085665,0.17217035881875448,0.7743193104011599
26877,0.06176443007926252,0.07237924969059163,0.8658563202301459
26878,0.06781676349251646,0.1115589099522115,0.8206243265552721
26879,0.0837010038920093,0.19932516425025612,0.7169738318577346
26880,0.1353756864943587,0.2001947525006986,0.6644295610049428
26881,0.08316156908215809,0.18804208174109777,0.7287963491767441
26882,0.2552110537549017,0.16013628548894376,0.5846526607561545
26883,0.08063556369272293,0.19458151252475453,0.7247829237825226
26884,0.07031915879221123,0.3019907962350215,0.6276900449727673
26885,0.13562765400231097,0.20547351278804565,0.6588988332096433
26886,0.09112897008277689,0.16419748867728434,0.7446735412399388
26887,0.06089860493186009,0.09947462059224106,0.839626774475899
26888,0.12055008999569429,0.13242035937178784,0.7470295506325179
26889,0.12997773138833085,0.21300221556810459,0.6570200530435646
26890,0.09863055421925271,0.2138791347305187,0.6874903110502286
26891,0.12857312235456395,0.268504665950764,0.602922211694672
26892,0.2035919329117937,0.20367583043415158,0.5927322366540547
26893,0.12599391788395764,0.17627364585348695,0.6977324362625554
26894,0.07591377779871228,0.1386200922628526,0.785466129938435
26895,0.12420458071181902,0.19883641845676095,0.67695900083142
26896,0.09221909830698251,0.17977016592024808,0.7280107357727693
26897,0.08264579657144595,0.16144906147744142,0.7559051419511126
26898,0.06744171189504432,0.1779325754396998,0.7546257126652558
26899,0.08160003889030552,0.24711451956264557,0.6712854415470488
26900,0.07003613447515161,0.14871192363488533,0.781251941889963
26901,0.09328534603325336,0.26156645106202664,0.64514820290472
26902,0.11262736641886897,0.10181428304084475,0.7855583505402862
26903,0.1138689638272311,0.18362357231498844,0.7025074638577805
26904,0.3258616509599732,0.5811778349226292,0.09296051411739753
26905,0.0585628320268799,0.1765358706118152,0.7649012973613049
26906,0.10792570538922824,0.24062374235342718,0.6514505522573445
26907,0.06335632365026729,0.10027812334898156,0.8363655530007512
26908,0.08245938498971439,0.2528451046255722,0.6646955103847134
26909,0.10377820802198132,0.35217344266091305,0.5440483493171057
26910,0.11956804513621248,0.4207481866177094,0.45968376824607804
26911,0.20379347744285756,0.24567695483664237,0.5505295677205001
26912,0.08098949133319638,0.2338217860067983,0.6851887226600054
26913,0.19945561506163847,0.15897037289734536,0.6415740120410163
26914,0.06526137967183682,0.251065778926864,0.6836728414012992
26915,0.0734128234569201,0.11821599028026666,0.8083711862628133
26916,0.1913733083761576,0.8058627889041877,0.00276390271965464
26917,0.11576232779757478,0.17864334434773388,0.7055943278546912
26918,0.1580324421350544,0.17246397673184824,0.6695035811330973
26919,0.45255124076379916,0.07312044621120121,0.47432831302499967
26920,0.10449134237537414,0.2230187810559271,0.6724898765686989
26921,0.11292224528757842,0.5504922478504922,0.3365855068619295
26922,0.1144601017397873,0.2945635013401057,0.5909763969201071
26923,0.06568034116411349,0.1013503228651721,0.8329693359707145
26924,0.09681131198842242,0.16308753100288334,0.7401011570086943
26925,0.072318521778067,0.11177762886210613,0.8159038493598267
26926,0.17921020567427556,0.24445190208284928,0.5763378922428752
26927,0.11000979025212848,0.4154499892192087,0.47454022052866274
26928,0.08484152699317059,0.9073065619981094,0.007851911008719898
26929,0.10132670853565284,0.20639384816866294,0.6922794432956842
26930,0.1124985294499067,0.21340629152061927,0.6740951790294739
26931,0.07777737747357956,0.9142724063446349,0.007950216181785482
26932,0.11626510742820051,0.29690103360267384,0.5868338589691258
26933,0.13986279942889146,0.19168446069495232,0.6684527398761562
26934,0.09551081328061914,0.1186249143833321,0.7858642723360487
26935,0.0709661357723901,0.21002862201308178,0.7190052422145281
26936,0.062973827266827,0.08535728214436364,0.8516688905888095
26937,0.12137418970749043,0.2125445470708999,0.6660812632216097
26938,0.33092381902710394,0.6607931709326585,0.008283010040237564
26939,0.1201553489473817,0.787686116312394,0.09215853474022437
26940,0.10829624551784113,0.14007334133219804,0.7516304131499608
26941,0.09888443954412329,0.13376461697626613,0.7673509434796106
26942,0.0919676425632982,0.17909582675567332,0.7289365306810285
26943,0.030596304211618533,0.18853427643237333,0.7808694193560082
26944,0.14896951277994813,0.12367712543802113,0.7273533617820308
26945,0.12381498946876615,0.3369682240690118,0.539216786462222
26946,0.09197304584562078,0.16790249807712387,0.7401244560772554
26947,0.08521211607512755,0.2715273357307381,0.6432605481941344
26948,0.11216498306255705,0.29321269222320084,0.5946223247142421
26949,0.18004284799158402,0.13657954768774147,0.6833776043206745
26950,0.2059461616417678,0.07236927849859427,0.721684559859638
26951,0.2279063028208906,0.41456061479894407,0.35753308238016535
26952,0.10197019481099792,0.253477569470396,0.6445522357186061
26953,0.04998769590661081,0.0485228892475985,0.9014894148457907
26954,0.08246718530204118,0.13441356010426558,0.7831192545936932
26955,0.0832077723435325,0.20334083342463932,0.7134513942318282
26956,0.14129535882828687,0.21167721738081924,0.647027423790894
26957,0.11587899409913588,0.19351466862819672,0.6906063372726675
26958,0.15915482044803653,0.16664570450041544,0.6741994750515481
26959,0.11092220393948896,0.28674696896608,0.6023308270944311
26960,0.11007204051238845,0.24984548285075264,0.6400824766368589
26961,0.030493631806468247,0.15358128224268297,0.8159250859508488
26962,0.0514860966021107,0.34767080499438985,0.6008430984034996
26963,0.2079328718803785,0.19250425922065703,0.5995628688989645
26964,0.11107245959436261,0.3735345255666417,0.5153930148389957
26965,0.12373124485697591,0.3294770939938695,0.5467916611491546
26966,0.09221909830698251,0.17977016592024808,0.7280107357727693
26967,0.1163239533497758,0.08440050206850869,0.7992755445817155
26968,0.10727803003745602,0.21981599827626272,0.6729059716862813
26969,0.1058619666148346,0.17678472929316866,0.7173533040919967
26970,0.11722081652911301,0.21155664607170355,0.6712225373991835
26971,0.09501097093644069,0.16630955879664255,0.7386794702669167
26972,0.11381281898463239,0.19849127445565734,0.6876959065597102
26973,0.05946737924605598,0.1684745494561374,0.7720580712978066
26974,0.08024085196685202,0.13227440670905213,0.7874847413240958
26975,0.11672723413267866,0.11360860523955112,0.7696641606277702
26976,0.174393674208471,0.8197234405111472,0.005882885280381645
26977,0.12996263988533607,0.2400656630077587,0.6299716971069053
26978,0.124092807828131,0.1352411845910698,0.7406660075807991
26979,0.10517842395488464,0.23984498433935494,0.6549765917057604
26980,0.13230749476988202,0.18179616447108554,0.6858963407590324
26981,0.10254132982997206,0.1925021791419861,0.7049564910280418
26982,0.10610081873940956,0.16258355650762116,0.7313156247529693
26983,0.11620577468778202,0.2157276770723455,0.6680665482398724
26984,0.1089031517694869,0.09660263304595595,0.7944942151845571
26985,0.14658774021212928,0.25743153156068777,0.595980728227183
26986,0.10372916226685303,0.12431054175838381,0.771960295974763
26987,0.09724672219320217,0.3914547025175259,0.5112985752892719
26988,0.11201385695432549,0.27614004837276096,0.6118460946729135
26989,0.07335582687035881,0.21673618687221236,0.7099079862574289
26990,0.15143635981325865,0.17307597230850055,0.6754876678782409
26991,0.10060270643918816,0.14435148741376613,0.7550458061470456
26992,0.08808151964220283,0.5313473109972365,0.3805711693605607
26993,0.07585263275278535,0.2181583438675334,0.7059890233796812
26994,0.17127695948610655,0.1496527248968788,0.6790703156170146
26995,0.08541050553722038,0.25566526194990774,0.6589242325128718
26996,0.07360063266398974,0.1135487249942498,0.8128506423417605
26997,0.2808266223763713,0.3369054353882562,0.38226794223537247
26998,0.10340317611797831,0.19906776785200136,0.6975290560300202
26999,0.18763504649806956,0.20008835121456756,0.6122766022873629
27000,0.12483964206454243,0.323958538552217,0.5512018193832405
27001,0.08560877433735622,0.2737155620409712,0.6406756636216726
27002,0.09450400001019335,0.18584678741034866,0.7196492125794579
27003,0.21635105566049562,0.182378455919712,0.6012704884197925
27004,0.05261786162407026,0.29761926318872556,0.6497628751872041
27005,0.06468576313777495,0.4029363315786309,0.5323779052835942
27006,0.11781316996478208,0.14450975261415022,0.7376770774210676
27007,0.11000051125653809,0.5077718007984838,0.382227687944978
27008,0.15438329831765796,0.15376683837504238,0.6918498633072996
27009,0.12215452163075556,0.2644087277797121,0.6134367505895323
27010,0.058929462297976104,0.11572466424803822,0.8253458734539857
27011,0.06545736571007912,0.324378955549782,0.6101636787401388
27012,0.10533238291153248,0.1319791954661026,0.7626884216223648
27013,0.14397115011965414,0.23011269970974582,0.6259161501706
27014,0.11649020490423403,0.22673541736012479,0.6567743777356412
27015,0.19017329758887141,0.3301555639690318,0.4796711384420968
27016,0.08679785207912295,0.13402891698692687,0.7791732309339502
27017,0.10540053413156861,0.17970257145348392,0.7148968944149474
27018,0.0765076495573744,0.19958152403612284,0.7239108264065027
27019,0.0980941417361761,0.15571788061504246,0.7461879776487815
27020,0.06729981594056691,0.26682002925901105,0.6658801548004221
27021,0.07057402344845683,0.34661912851735244,0.5828068480341907
27022,0.04601507476021888,0.13637374881661107,0.81761117642317
27023,0.18872689201654771,0.24967099383657473,0.5616021141468776
27024,0.033974411750021596,0.28297939436033015,0.6830461938896483
27025,0.09573046805942688,0.16895044940617576,0.7353190825343975
27026,0.07721392474118084,0.18809510561735854,0.7346909696414606
27027,0.17295675351121315,0.08925488250989727,0.7377883639788897
27028,0.18552779238907613,0.11829907545746766,0.6961731321534562
27029,0.05148733790356545,0.17788762016601714,0.7706250419304175
27030,0.16582110018303073,0.48970736010162663,0.34447153971534256
27031,0.3005281054822207,0.16968149048609016,0.5297904040316892
27032,0.25547988201906074,0.15325606573444248,0.5912640522464967
27033,0.11174872475016714,0.16757570269372474,0.720675572556108
27034,0.14341996344873867,0.15374723048675845,0.7028328060645029
27035,0.4933470472038551,0.10687142719933704,0.39978152559680785
27036,0.10903044329379644,0.11082600755670514,0.7801435491494986
27037,0.1799104298605674,0.17899688905359015,0.6410926810858424
27038,0.11880925339556127,0.12099802383010064,0.760192722774338
27039,0.23549545193874397,0.11270529271616529,0.6517992553450906
27040,0.10206262799706488,0.17257819082771406,0.7253591811752211
27041,0.030493448307393624,0.06699624890844313,0.9025103027841633
27042,0.261839339647843,0.7368351226056274,0.0013255377465296006
27043,0.11034132176157903,0.18973003860901358,0.6999286396294073
27044,0.11823534952284805,0.14839825755991198,0.7333663929172399
27045,0.0752590171058368,0.1659315405173842,0.758809442376779
27046,0.11594237407606404,0.13249529697060358,0.7515623289533324
27047,0.15321670994417655,0.421107981998883,0.4256753080569405
27048,0.2986003799126624,0.7002567673232327,0.0011428527641048206
27049,0.08653215530202532,0.5553120553539275,0.35815578934404724
27050,0.08886319432275612,0.2524966134188201,0.6586401922584237
27051,0.08749300357789654,0.20152931495272738,0.710977681469376
27052,0.08528929443382097,0.12006300612316777,0.7946476994430113
27053,0.101904938028744,0.2986461308452763,0.5994489311259796
27054,0.13651866507011834,0.12716878557500122,0.7363125493548804
27055,0.28807722467356284,0.7105718233465845,0.0013509519798525847
27056,0.2075767189882341,0.7910700415102075,0.0013532395015583437
27057,0.08105456185467846,0.17711936815546261,0.741826069989859
27058,0.08283179329987439,0.16082369714900022,0.7563445095511253
27059,0.06558376889276854,0.19305582909726962,0.7413604020099619
27060,0.29875396174887325,0.12593601059712844,0.5753100276539983
27061,0.20989362979293746,0.15071769809548413,0.6393886721115783
27062,0.11423130638429019,0.15274326493824303,0.7330254286774669
27063,0.12910479817080253,0.14276538328184288,0.7281298185473547
27064,0.05052606638805999,0.0986002761014379,0.8508736575105021
27065,0.05971426286107164,0.29201028955159875,0.6482754475873297
27066,0.07675755652089349,0.13052985403586573,0.7927125894432409
27067,0.09790588792518162,0.18726312720599939,0.7148309848688191
27068,0.3143226280780595,0.1528524325953507,0.5328249393265899
27069,0.075326962787666,0.18449229873698494,0.740180738475349
27070,0.12782837092834978,0.08743319363602688,0.7847384354356233
27071,0.09779168191761241,0.12088708205730199,0.7813212360250855
27072,0.036189828452588,0.13886031747229918,0.8249498540751128
27073,0.0746102212970898,0.17087865535919325,0.7545111233437168
27074,0.1184807274115147,0.19088496126993507,0.6906343113185502
27075,0.1704808651953631,0.180107546317977,0.6494115884866598
27076,0.12691985982569062,0.19081716304300259,0.6822629771313068
